ANALYZING FOLDER: C:\Users\chenl\Desktop\20260402-06 Ålesund
======================================================================

Found 5 folder(s) with JPG files
======================================================================

######################################################################
# FOLDER 1/5: 11460402
######################################################################

======================================================================
SUMMARY
======================================================================

     Metric  Actual Focal Length  35mm Equivalent
      Count           102.000000       102.000000
   Min (mm)            20.000000        20.000000
   Max (mm)           200.000000       200.000000
  Mean (mm)            47.911765        48.156863
Median (mm)            35.000000        35.000000

35mm Equivalent Frequency Distribution:
 Focal Length (mm)  Count  Percentage (%)  Cumulative (%)
                20     36           35.29           35.29
                24      2            1.96           37.25
                27      2            1.96           39.21
                30      2            1.96           41.17
                33      8            7.84           49.01
                35     32           31.37           80.38
                52      2            1.96           82.34
                66      2            1.96           84.30
                88      2            1.96           86.26
                98      2            1.96           88.22
               117      2            1.96           90.18
               126      2            1.96           92.14
               176      2            1.96           94.10
               200      6            5.88           99.98

######################################################################
# FOLDER 2/5: 11560403
######################################################################

======================================================================
SUMMARY
======================================================================

     Metric  Actual Focal Length  35mm Equivalent
      Count           464.000000          464.000
   Min (mm)            20.000000           20.000
   Max (mm)           200.000000          250.000
  Mean (mm)            39.259483           42.375
Median (mm)            35.000000           35.000

35mm Equivalent Frequency Distribution:
 Focal Length (mm)  Count  Percentage (%)  Cumulative (%)
                20    112           24.14           24.14
                21      4            0.86           25.00
                24      4            0.86           25.86
                25      2            0.43           26.29
                26      2            0.43           26.72
                27      2            0.43           27.15
                28      2            0.43           27.58
                29      2            0.43           28.01
                30      4            0.86           28.87
                31      6            1.29           30.16
                32      2            0.43           30.59
                34      2            0.43           31.02
                35    188           40.52           71.54
                36      2            0.43           71.97
                37      2            0.43           72.40
                38     10            2.16           74.56
                39      4            0.86           75.42
                43      2            0.43           75.85
                44      2            0.43           76.28
                48      2            0.43           76.71
                52     68           14.66           91.37
                54      2            0.43           91.80
                57      2            0.43           92.23
                59      2            0.43           92.66
                64      2            0.43           93.09
                68      2            0.43           93.52
                83      2            0.43           93.95
                87      2            0.43           94.38
                89      2            0.43           94.81
               100      2            0.43           95.24
               120      2            0.43           95.67
               153      2            0.43           96.10
               174      2            0.43           96.53
               175      2            0.43           96.96
               200     12            2.59           99.55
               250      2            0.43           99.98

######################################################################
# FOLDER 3/5: 11660404
######################################################################

======================================================================
SUMMARY
======================================================================

     Metric  Actual Focal Length  35mm Equivalent
      Count           514.000000       514.000000
   Min (mm)            20.000000        20.000000
   Max (mm)           200.000000       300.000000
  Mean (mm)            67.535798        68.027237
Median (mm)            41.800000        41.000000

35mm Equivalent Frequency Distribution:
 Focal Length (mm)  Count  Percentage (%)  Cumulative (%)
                20    138           26.85           26.85
                21      2            0.39           27.24
                23      8            1.56           28.80
                24      8            1.56           30.36
                25     14            2.72           33.08
                27      4            0.78           33.86
                28      2            0.39           34.25
                29      4            0.78           35.03
                30     10            1.95           36.98
                31      4            0.78           37.76
                32      2            0.39           38.15
                33      6            1.17           39.32
                34      4            0.78           40.10
                35     18            3.50           43.60
                36      6            1.17           44.77
                37      6            1.17           45.94
                38      4            0.78           46.72
                39     10            1.95           48.67
                40      6            1.17           49.84
                41      6            1.17           51.01
                42      2            0.39           51.40
                44     12            2.33           53.73
                45      2            0.39           54.12
                47      6            1.17           55.29
                48      4            0.78           56.07
                49      6            1.17           57.24
                50      2            0.39           57.63
                52      4            0.78           58.41
                53      2            0.39           58.80
                54      8            1.56           60.36
                55      2            0.39           60.75
                57      6            1.17           61.92
                61      6            1.17           63.09
                62      2            0.39           63.48
                64      2            0.39           63.87
                65      6            1.17           65.04
                67      8            1.56           66.60
                68      8            1.56           68.16
                70      2            0.39           68.55
                74      2            0.39           68.94
                76      2            0.39           69.33
                77      2            0.39           69.72
                82      2            0.39           70.11
                87     10            1.95           72.06
                89      2            0.39           72.45
                90     12            2.33           74.78
                91      2            0.39           75.17
                92      6            1.17           76.34
                96      2            0.39           76.73
                97      4            0.78           77.51
                98      2            0.39           77.90
               101      2            0.39           78.29
               106      2            0.39           78.68
               111      2            0.39           79.07
               112      2            0.39           79.46
               115      2            0.39           79.85
               116      2            0.39           80.24
               118      2            0.39           80.63
               119      2            0.39           81.02
               120      2            0.39           81.41
               122      2            0.39           81.80
               126      2            0.39           82.19
               127      2            0.39           82.58
               128      2            0.39           82.97
               136      4            0.78           83.75
               137      2            0.39           84.14
               139      4            0.78           84.92
               141      2            0.39           85.31
               142      2            0.39           85.70
               143      2            0.39           86.09
               146      2            0.39           86.48
               148      8            1.56           88.04
               153      2            0.39           88.43
               156      2            0.39           88.82
               157      2            0.39           89.21
               160      2            0.39           89.60
               163      2            0.39           89.99
               173      2            0.39           90.38
               176      2            0.39           90.77
               192      4            0.78           91.55
               200     40            7.78           99.33
               300      4            0.78          100.11

######################################################################
# FOLDER 4/5: 11760405
######################################################################

======================================================================
SUMMARY
======================================================================

     Metric  Actual Focal Length  35mm Equivalent
      Count                 32.0          32.0000
   Min (mm)                 20.0          20.0000
   Max (mm)                 71.4          71.0000
  Mean (mm)                 25.8          25.5625
Median (mm)                 20.2          20.0000

35mm Equivalent Frequency Distribution:
 Focal Length (mm)  Count  Percentage (%)  Cumulative (%)
                20     28           87.50           87.50
                58      2            6.25           93.75
                71      2            6.25          100.00

######################################################################
# FOLDER 5/5: 11860406
######################################################################

======================================================================
SUMMARY
======================================================================

     Metric  Actual Focal Length  35mm Equivalent
      Count            98.000000        98.000000
   Min (mm)            20.000000        20.000000
   Max (mm)           200.000000       200.000000
  Mean (mm)            59.565306        59.285714
Median (mm)            35.400000        35.000000

35mm Equivalent Frequency Distribution:
 Focal Length (mm)  Count  Percentage (%)  Cumulative (%)
                20     26           26.53           26.53
                25      6            6.12           32.65
                26      2            2.04           34.69
                28      2            2.04           36.73
                29      2            2.04           38.77
                30      6            6.12           44.89
                31      2            2.04           46.93
                32      2            2.04           48.97
                35      2            2.04           51.01
                36      4            4.08           55.09
                37      2            2.04           57.13
                38      2            2.04           59.17
                39      2            2.04           61.21
                41      2            2.04           63.25
                46      2            2.04           65.29
                51      2            2.04           67.33
                56      2            2.04           69.37
                64      2            2.04           71.41
                73      2            2.04           73.45
                86      2            2.04           75.49
                94      2            2.04           77.53
               106      2            2.04           79.57
               109      2            2.04           81.61
               114      2            2.04           83.65
               127      2            2.04           85.69
               129      2            2.04           87.73
               134      2            2.04           89.77
               152      2            2.04           91.81
               164      2            2.04           93.85
               167      2            2.04           95.89
               200      4            4.08           99.97


**********************************************************************
**********************************************************************
OVERALL SUMMARY - ALL FOLDERS COMBINED
**********************************************************************
**********************************************************************

======================================================================
SUMMARY
======================================================================

     Metric  Actual Focal Length  35mm Equivalent
      Count          1210.000000      1210.000000
   Min (mm)            20.000000        20.000000
   Max (mm)           200.000000       300.000000
  Mean (mm)            53.289091        54.684298
Median (mm)            35.000000        35.000000

35mm Equivalent Frequency Distribution:
 Focal Length (mm)  Count  Percentage (%)  Cumulative (%)
                20    340           28.10           28.10
                21      6            0.50           28.60
                23      8            0.66           29.26
                24     14            1.16           30.42
                25     22            1.82           32.24
                26      4            0.33           32.57
                27      8            0.66           33.23
                28      6            0.50           33.73
                29      8            0.66           34.39
                30     22            1.82           36.21
                31     12            0.99           37.20
                32      6            0.50           37.70
                33     14            1.16           38.86
                34      6            0.50           39.36
                35    240           19.83           59.19
                36     12            0.99           60.18
                37     10            0.83           61.01
                38     16            1.32           62.33
                39     16            1.32           63.65
                40      6            0.50           64.15
                41      8            0.66           64.81
                42      2            0.17           64.98
                43      2            0.17           65.15
                44     14            1.16           66.31
                45      2            0.17           66.48
                46      2            0.17           66.65
                47      6            0.50           67.15
                48      6            0.50           67.65
                49      6            0.50           68.15
                50      2            0.17           68.32
                51      2            0.17           68.49
                52     74            6.12           74.61
                53      2            0.17           74.78
                54     10            0.83           75.61
                55      2            0.17           75.78
                56      2            0.17           75.95
                57      8            0.66           76.61
                58      2            0.17           76.78
                59      2            0.17           76.95
                61      6            0.50           77.45
                62      2            0.17           77.62
                64      6            0.50           78.12
                65      6            0.50           78.62
                66      2            0.17           78.79
                67      8            0.66           79.45
                68     10            0.83           80.28
                70      2            0.17           80.45
                71      2            0.17           80.62
                73      2            0.17           80.79
                74      2            0.17           80.96
                76      2            0.17           81.13
                77      2            0.17           81.30
                82      2            0.17           81.47
                83      2            0.17           81.64
                86      2            0.17           81.81
                87     12            0.99           82.80
                88      2            0.17           82.97
                89      4            0.33           83.30
                90     12            0.99           84.29
                91      2            0.17           84.46
                92      6            0.50           84.96
                94      2            0.17           85.13
                96      2            0.17           85.30
                97      4            0.33           85.63
                98      4            0.33           85.96
               100      2            0.17           86.13
               101      2            0.17           86.30
               106      4            0.33           86.63
               109      2            0.17           86.80
               111      2            0.17           86.97
               112      2            0.17           87.14
               114      2            0.17           87.31
               115      2            0.17           87.48
               116      2            0.17           87.65
               117      2            0.17           87.82
               118      2            0.17           87.99
               119      2            0.17           88.16
               120      4            0.33           88.49
               122      2            0.17           88.66
               126      4            0.33           88.99
               127      4            0.33           89.32
               128      2            0.17           89.49
               129      2            0.17           89.66
               134      2            0.17           89.83
               136      4            0.33           90.16
               137      2            0.17           90.33
               139      4            0.33           90.66
               141      2            0.17           90.83
               142      2            0.17           91.00
               143      2            0.17           91.17
               146      2            0.17           91.34
               148      8            0.66           92.00
               152      2            0.17           92.17
               153      4            0.33           92.50
               156      2            0.17           92.67
               157      2            0.17           92.84
               160      2            0.17           93.01
               163      2            0.17           93.18
               164      2            0.17           93.35
               167      2            0.17           93.52
               173      2            0.17           93.69
               174      2            0.17           93.86
               175      2            0.17           94.03
               176      4            0.33           94.36
               192      4            0.33           94.69
               200     62            5.12           99.81
               250      2            0.17           99.98
               300      4            0.33          100.31


Report saved to: D:\camera_kits\focal_length_analysis_20260410_182214\20260402-06 Ålesund.txt
