ANALYZING FOLDER: F:\PRIVAT W BACKUP\Photos\2023 NOBA\20260315-18 洛阳
======================================================================

Found 4 folder(s) with JPG files
======================================================================

######################################################################
# FOLDER 1/4: (root)
######################################################################

======================================================================
SUMMARY
======================================================================

     Metric  Actual Focal Length  35mm Equivalent
      Count               50.000             50.0
   Min (mm)                2.200             13.0
   Max (mm)                7.000             69.0
  Mean (mm)                5.508             32.8
Median (mm)                5.400             23.0

35mm Equivalent Frequency Distribution:
 Focal Length (mm)  Count  Percentage (%)  Cumulative (%)
                13      2             4.0             4.0
                23     34            68.0            72.0
                25      2             4.0            76.0
                46      2             4.0            80.0
                69     10            20.0           100.0

######################################################################
# FOLDER 2/4: 0315
######################################################################

======================================================================
SUMMARY
======================================================================

     Metric  Actual Focal Length  35mm Equivalent
      Count            84.000000        84.000000
   Min (mm)            20.000000        20.000000
   Max (mm)            73.000000        73.000000
  Mean (mm)            34.666667        34.619048
Median (mm)            35.000000        35.000000

35mm Equivalent Frequency Distribution:
 Focal Length (mm)  Count  Percentage (%)  Cumulative (%)
                20     10           11.90           11.90
                35     66           78.57           90.47
                37      4            4.76           95.23
                52      2            2.38           97.61
                73      2            2.38           99.99

######################################################################
# FOLDER 3/4: 0316
######################################################################

======================================================================
SUMMARY
======================================================================

     Metric  Actual Focal Length  35mm Equivalent
      Count           674.000000         674.0000
   Min (mm)            20.000000          20.0000
   Max (mm)           200.000000         200.0000
  Mean (mm)            61.525519          61.4273
Median (mm)            36.700000          36.0000

35mm Equivalent Frequency Distribution:
 Focal Length (mm)  Count  Percentage (%)  Cumulative (%)
                20     98           14.54           14.54
                25      6            0.89           15.43
                26      2            0.30           15.73
                27      2            0.30           16.03
                28      4            0.59           16.62
                29      6            0.89           17.51
                30      2            0.30           17.81
                31      2            0.30           18.11
                33      4            0.59           18.70
                34      2            0.30           19.00
                35    206           30.56           49.56
                36      4            0.59           50.15
                37      2            0.30           50.45
                38      2            0.30           50.75
                39      2            0.30           51.05
                41      2            0.30           51.35
                43      4            0.59           51.94
                44      4            0.59           52.53
                46      2            0.30           52.83
                47      2            0.30           53.13
                48      4            0.59           53.72
                51      2            0.30           54.02
                53      2            0.30           54.32
                54      2            0.30           54.62
                58      2            0.30           54.92
                62      2            0.30           55.22
                63      2            0.30           55.52
                68      4            0.59           56.11
                73      2            0.30           56.41
                78      4            0.59           57.00
                83      2            0.30           57.30
                85    214           31.75           89.05
                87      2            0.30           89.35
                89      2            0.30           89.65
                98      2            0.30           89.95
                99      2            0.30           90.25
               101      2            0.30           90.55
               102      2            0.30           90.85
               104      2            0.30           91.15
               105      2            0.30           91.45
               107      2            0.30           91.75
               109      2            0.30           92.05
               111      2            0.30           92.35
               112      2            0.30           92.65
               113      2            0.30           92.95
               124      2            0.30           93.25
               126      2            0.30           93.55
               129      4            0.59           94.14
               130      4            0.59           94.73
               133      2            0.30           95.03
               143      2            0.30           95.33
               148      4            0.59           95.92
               151      2            0.30           96.22
               152      4            0.59           96.81
               156      2            0.30           97.11
               160      2            0.30           97.41
               180      2            0.30           97.71
               182      2            0.30           98.01
               200     14            2.08          100.09

######################################################################
# FOLDER 4/4: 0317
######################################################################

======================================================================
SUMMARY
======================================================================

     Metric  Actual Focal Length  35mm Equivalent
      Count           346.000000       346.000000
   Min (mm)            20.000000        20.000000
   Max (mm)           200.000000       200.000000
  Mean (mm)            52.023699        51.924855
Median (mm)            35.000000        35.000000

35mm Equivalent Frequency Distribution:
 Focal Length (mm)  Count  Percentage (%)  Cumulative (%)
                20     92           26.59           26.59
                22      6            1.73           28.32
                24      2            0.58           28.90
                28      2            0.58           29.48
                29      4            1.16           30.64
                31      4            1.16           31.80
                32      2            0.58           32.38
                33      6            1.73           34.11
                34      2            0.58           34.69
                35     74           21.39           56.08
                36      4            1.16           57.24
                37      2            0.58           57.82
                38      2            0.58           58.40
                40      6            1.73           60.13
                42      2            0.58           60.71
                43      2            0.58           61.29
                44      6            1.73           63.02
                45      2            0.58           63.60
                47      2            0.58           64.18
                49      2            0.58           64.76
                50      2            0.58           65.34
                51      2            0.58           65.92
                52      2            0.58           66.50
                53      2            0.58           67.08
                57      2            0.58           67.66
                59      2            0.58           68.24
                60      6            1.73           69.97
                61      2            0.58           70.55
                64      2            0.58           71.13
                69      2            0.58           71.71
                80      2            0.58           72.29
                85     68           19.65           91.94
                90      2            0.58           92.52
                94      2            0.58           93.10
                97      2            0.58           93.68
               105      2            0.58           94.26
               113      2            0.58           94.84
               123      2            0.58           95.42
               134      2            0.58           96.00
               140      2            0.58           96.58
               188      2            0.58           97.16
               190      2            0.58           97.74
               200      8            2.31          100.05


**********************************************************************
**********************************************************************
OVERALL SUMMARY - ALL FOLDERS COMBINED
**********************************************************************
**********************************************************************

======================================================================
SUMMARY
======================================================================

     Metric  Actual Focal Length  35mm Equivalent
      Count          1154.000000      1154.000000
   Min (mm)             2.200000        13.000000
   Max (mm)           200.000000       200.000000
  Mean (mm)            54.294454        55.386482
Median (mm)            35.000000        35.000000

35mm Equivalent Frequency Distribution:
 Focal Length (mm)  Count  Percentage (%)  Cumulative (%)
                13      2            0.17            0.17
                20    200           17.33           17.50
                22      6            0.52           18.02
                23     34            2.95           20.97
                24      2            0.17           21.14
                25      8            0.69           21.83
                26      2            0.17           22.00
                27      2            0.17           22.17
                28      6            0.52           22.69
                29     10            0.87           23.56
                30      2            0.17           23.73
                31      6            0.52           24.25
                32      2            0.17           24.42
                33     10            0.87           25.29
                34      4            0.35           25.64
                35    346           29.98           55.62
                36      8            0.69           56.31
                37      8            0.69           57.00
                38      4            0.35           57.35
                39      2            0.17           57.52
                40      6            0.52           58.04
                41      2            0.17           58.21
                42      2            0.17           58.38
                43      6            0.52           58.90
                44     10            0.87           59.77
                45      2            0.17           59.94
                46      4            0.35           60.29
                47      4            0.35           60.64
                48      4            0.35           60.99
                49      2            0.17           61.16
                50      2            0.17           61.33
                51      4            0.35           61.68
                52      4            0.35           62.03
                53      4            0.35           62.38
                54      2            0.17           62.55
                57      2            0.17           62.72
                58      2            0.17           62.89
                59      2            0.17           63.06
                60      6            0.52           63.58
                61      2            0.17           63.75
                62      2            0.17           63.92
                63      2            0.17           64.09
                64      2            0.17           64.26
                68      4            0.35           64.61
                69     12            1.04           65.65
                73      4            0.35           66.00
                78      4            0.35           66.35
                80      2            0.17           66.52
                83      2            0.17           66.69
                85    282           24.44           91.13
                87      2            0.17           91.30
                89      2            0.17           91.47
                90      2            0.17           91.64
                94      2            0.17           91.81
                97      2            0.17           91.98
                98      2            0.17           92.15
                99      2            0.17           92.32
               101      2            0.17           92.49
               102      2            0.17           92.66
               104      2            0.17           92.83
               105      4            0.35           93.18
               107      2            0.17           93.35
               109      2            0.17           93.52
               111      2            0.17           93.69
               112      2            0.17           93.86
               113      4            0.35           94.21
               123      2            0.17           94.38
               124      2            0.17           94.55
               126      2            0.17           94.72
               129      4            0.35           95.07
               130      4            0.35           95.42
               133      2            0.17           95.59
               134      2            0.17           95.76
               140      2            0.17           95.93
               143      2            0.17           96.10
               148      4            0.35           96.45
               151      2            0.17           96.62
               152      4            0.35           96.97
               156      2            0.17           97.14
               160      2            0.17           97.31
               180      2            0.17           97.48
               182      2            0.17           97.65
               188      2            0.17           97.82
               190      2            0.17           97.99
               200     22            1.91           99.90


Report saved to: D:\camera_kits\focal_length_analysis_20260411_193534\20260315-18 洛阳.txt
