ANALYZING FOLDER: F:\PRIVAT W BACKUP\Photos\2023 NOBA\20260621-25 宁夏 甘肃
======================================================================

Found 6 folder(s) with JPG files
======================================================================

######################################################################
# FOLDER 1/6: 16360621
######################################################################

======================================================================
SUMMARY
======================================================================

     Metric  Actual Focal Length  35mm Equivalent
      Count            42.000000        42.000000
   Min (mm)            20.000000        20.000000
   Max (mm)           200.000000       200.000000
  Mean (mm)            40.442857        40.333333
Median (mm)            35.000000        35.000000

35mm Equivalent Frequency Distribution:
 Focal Length (mm)  Count  Percentage (%)  Cumulative (%)
                20     12           28.57           28.57
                21      2            4.76           33.33
                26      2            4.76           38.09
                27      2            4.76           42.85
                30      2            4.76           47.61
                35     10           23.81           71.42
                36      2            4.76           76.18
                49      2            4.76           80.94
                50      2            4.76           85.70
                56      2            4.76           90.46
                57      2            4.76           95.22
               200      2            4.76           99.98

######################################################################
# FOLDER 2/6: 16460622
######################################################################

======================================================================
SUMMARY
======================================================================

     Metric  Actual Focal Length  35mm Equivalent
      Count           194.000000       194.000000
   Min (mm)            20.000000        20.000000
   Max (mm)           200.000000       200.000000
  Mean (mm)            58.776289        60.010309
Median (mm)            51.100000        51.000000

35mm Equivalent Frequency Distribution:
 Focal Length (mm)  Count  Percentage (%)  Cumulative (%)
                20     70           36.08           36.08
                21      2            1.03           37.11
                22      2            1.03           38.14
                23      2            1.03           39.17
                25      2            1.03           40.20
                27      6            3.09           43.29
                30      2            1.03           44.32
                32      2            1.03           45.35
                33      2            1.03           46.38
                35      2            1.03           47.41
                43      2            1.03           48.44
                48      2            1.03           49.47
                51      2            1.03           50.50
                53      2            1.03           51.53
                55     34           17.53           69.06
                57      4            2.06           71.12
                60      2            1.03           72.15
                66      2            1.03           73.18
                76      2            1.03           74.21
                80      2            1.03           75.24
                82     10            5.15           80.39
                87      2            1.03           81.42
                88      2            1.03           82.45
                92      2            1.03           83.48
                94      2            1.03           84.51
               107      2            1.03           85.54
               111      2            1.03           86.57
               115      4            2.06           88.63
               126      2            1.03           89.66
               148      2            1.03           90.69
               200     18            9.28           99.97

######################################################################
# FOLDER 3/6: 16560623
######################################################################

======================================================================
SUMMARY
======================================================================

     Metric  Actual Focal Length  35mm Equivalent
      Count                 50.0            50.00
   Min (mm)                 35.0            35.00
   Max (mm)                 35.0            52.00
  Mean (mm)                 35.0            36.36
Median (mm)                 35.0            35.00

35mm Equivalent Frequency Distribution:
 Focal Length (mm)  Count  Percentage (%)  Cumulative (%)
                35     46            92.0            92.0
                52      4             8.0           100.0

######################################################################
# FOLDER 4/6: 16660624
######################################################################

======================================================================
SUMMARY
======================================================================

     Metric  Actual Focal Length  35mm Equivalent
      Count           174.000000       174.000000
   Min (mm)            20.000000        20.000000
   Max (mm)           200.000000       200.000000
  Mean (mm)            42.283908        44.471264
Median (mm)            35.000000        35.000000

35mm Equivalent Frequency Distribution:
 Focal Length (mm)  Count  Percentage (%)  Cumulative (%)
                20     42           24.14           24.14
                21      4            2.30           26.44
                23      2            1.15           27.59
                24      2            1.15           28.74
                25      2            1.15           29.89
                26      6            3.45           33.34
                29      4            2.30           35.64
                31      2            1.15           36.79
                34      2            1.15           37.94
                35     50           28.74           66.68
                37      2            1.15           67.83
                43      2            1.15           68.98
                48      4            2.30           71.28
                50      2            1.15           72.43
                52     24           13.79           86.22
                56      4            2.30           88.52
                70      2            1.15           89.67
                71      2            1.15           90.82
                91      2            1.15           91.97
               107      2            1.15           93.12
               110      2            1.15           94.27
               124      4            2.30           96.57
               200      6            3.45          100.02

######################################################################
# FOLDER 5/6: 16760625
######################################################################

======================================================================
SUMMARY
======================================================================

     Metric  Actual Focal Length  35mm Equivalent
      Count              200.000           200.00
   Min (mm)               20.000            20.00
   Max (mm)              200.000           200.00
  Mean (mm)               52.475            52.19
Median (mm)               31.550            31.00

35mm Equivalent Frequency Distribution:
 Focal Length (mm)  Count  Percentage (%)  Cumulative (%)
                20     72            36.0            36.0
                21     12             6.0            42.0
                22      6             3.0            45.0
                27      2             1.0            46.0
                28      4             2.0            48.0
                30      4             2.0            50.0
                32      6             3.0            53.0
                33      2             1.0            54.0
                34      4             2.0            56.0
                37      4             2.0            58.0
                39      2             1.0            59.0
                40      2             1.0            60.0
                42      6             3.0            63.0
                43      2             1.0            64.0
                44      4             2.0            66.0
                45      4             2.0            68.0
                47      2             1.0            69.0
                48      2             1.0            70.0
                50      2             1.0            71.0
                51      2             1.0            72.0
                53      4             2.0            74.0
                56      2             1.0            75.0
                57      2             1.0            76.0
                58      2             1.0            77.0
                65      6             3.0            80.0
                67      2             1.0            81.0
                68      2             1.0            82.0
                73      2             1.0            83.0
                79      2             1.0            84.0
                82      2             1.0            85.0
                90      2             1.0            86.0
                91      2             1.0            87.0
               119      2             1.0            88.0
               129      2             1.0            89.0
               143      2             1.0            90.0
               147      2             1.0            91.0
               149      2             1.0            92.0
               162      2             1.0            93.0
               200     14             7.0           100.0

######################################################################
# FOLDER 6/6: Mobile
######################################################################

======================================================================
SUMMARY
======================================================================

     Metric  Actual Focal Length  35mm Equivalent
      Count           128.000000       128.000000
   Min (mm)             2.200000        13.000000
   Max (mm)             7.000000        69.000000
  Mean (mm)             5.359375        27.546875
Median (mm)             5.400000        23.000000

35mm Equivalent Frequency Distribution:
 Focal Length (mm)  Count  Percentage (%)  Cumulative (%)
                13      4            3.12            3.12
                23    106           82.81           85.93
                29      4            3.12           89.05
                46      2            1.56           90.61
                69     12            9.38           99.99


**********************************************************************
**********************************************************************
OVERALL SUMMARY - ALL FOLDERS COMBINED
**********************************************************************
**********************************************************************

======================================================================
SUMMARY
======================================================================

     Metric  Actual Focal Length  35mm Equivalent
      Count           788.000000       788.000000
   Min (mm)             2.200000        13.000000
   Max (mm)           200.000000       200.000000
  Mean (mm)            42.372589        46.771574
Median (mm)            30.650000        33.000000

35mm Equivalent Frequency Distribution:
 Focal Length (mm)  Count  Percentage (%)  Cumulative (%)
                13      4            0.51            0.51
                20    196           24.87           25.38
                21     20            2.54           27.92
                22      8            1.02           28.94
                23    110           13.96           42.90
                24      2            0.25           43.15
                25      4            0.51           43.66
                26      8            1.02           44.68
                27     10            1.27           45.95
                28      4            0.51           46.46
                29      8            1.02           47.48
                30      8            1.02           48.50
                31      2            0.25           48.75
                32      8            1.02           49.77
                33      4            0.51           50.28
                34      6            0.76           51.04
                35    108           13.71           64.75
                36      2            0.25           65.00
                37      6            0.76           65.76
                39      2            0.25           66.01
                40      2            0.25           66.26
                42      6            0.76           67.02
                43      6            0.76           67.78
                44      4            0.51           68.29
                45      4            0.51           68.80
                46      2            0.25           69.05
                47      2            0.25           69.30
                48      8            1.02           70.32
                49      2            0.25           70.57
                50      6            0.76           71.33
                51      4            0.51           71.84
                52     28            3.55           75.39
                53      6            0.76           76.15
                55     34            4.31           80.46
                56      8            1.02           81.48
                57      8            1.02           82.50
                58      2            0.25           82.75
                60      2            0.25           83.00
                65      6            0.76           83.76
                66      2            0.25           84.01
                67      2            0.25           84.26
                68      2            0.25           84.51
                69     12            1.52           86.03
                70      2            0.25           86.28
                71      2            0.25           86.53
                73      2            0.25           86.78
                76      2            0.25           87.03
                79      2            0.25           87.28
                80      2            0.25           87.53
                82     12            1.52           89.05
                87      2            0.25           89.30
                88      2            0.25           89.55
                90      2            0.25           89.80
                91      4            0.51           90.31
                92      2            0.25           90.56
                94      2            0.25           90.81
               107      4            0.51           91.32
               110      2            0.25           91.57
               111      2            0.25           91.82
               115      4            0.51           92.33
               119      2            0.25           92.58
               124      4            0.51           93.09
               126      2            0.25           93.34
               129      2            0.25           93.59
               143      2            0.25           93.84
               147      2            0.25           94.09
               148      2            0.25           94.34
               149      2            0.25           94.59
               162      2            0.25           94.84
               200     40            5.08           99.92


Report saved to: D:\DevOps\camera_kits\focal_length_analysis_20260710_194534\20260621-25 宁夏 甘肃.txt
